# ASCII Text Object file created from the model Bullet.fbx
# 2016-5-8 | 15:5:18
# Made by Alberto Bobadilla (labigm@rit.edu)
Version: 1.0

Materials: 1
	lambert1
		Diffuse: 1 1 0
		DiffuseMap: NULL
		NormalMap: NULL
		SpecularMap: NULL

Frames: 1

Groups: 1
	#Name -> Parent
	#HP Visible Collidable pivotX pivotY pivotZ ShapeCount
		#Name MaterialName VertexCount
		#(Vertex, UV, Color, Normal, Tangent, Binormal)
	#KeyFrames: #
		#N, V, Tx, Ty, Tz, Rx, Ry, Rz, Sx, Sy, Sz
	Bullet -> NULL  //G:0
	1 1 1 0 0 0 1
		lambert1 2160
		0.4653 0.1512 0.4893 0.375 0.688 1 1 0 0.9511 0.309 -0.002032 -0.309 0.9511 -0.0003216 0.001644 0.001194 1
		0.3942 0.2864 -0.4893 0.387 0.313 1 1 0 0.809 0.5878 -0.009295 -0.5878 0.809 0.001472 0.001644 0.001194 1
		0.3958 0.2876 0.4893 0.387 0.688 1 1 0 0.809 0.5878 -0.002032 -0.5878 0.809 0.000322 0.001644 0.001194 1
		0.3942 0.2864 -0.4893 0.387 0.313 1 1 0 0.809 0.5878 -0.009295 -0.5878 0.809 0.001472 0.001933 0.0006279 1
		0.4653 0.1512 0.4893 0.375 0.688 1 1 0 0.9511 0.309 -0.002032 -0.309 0.9511 -0.0003218 0.001933 0.0006279 1
		0.4635 0.1506 -0.4893 0.375 0.313 1 1 0 0.951 0.309 -0.009295 -0.309 0.9511 -0.001472 0.001933 0.0006279 1
		0.3958 0.2876 0.4893 0.387 0.688 1 1 0 0.809 0.5878 -0.002032 -0.5878 0.809 -0.000322 0.001644 0.001194 1
		0.3942 0.2864 -0.4893 0.387 0.313 1 1 0 0.809 0.5878 -0.009295 -0.5878 0.809 -0.001472 0.001644 0.001194 1
		0.2876 0.3958 0.4893 0.4 0.688 1 1 0 0.5878 0.809 -0.002032 -0.809 0.5878 0.0003216 0.001644 0.001194 1
		0.2876 0.3958 0.4893 0.4 0.688 1 1 0 0.5878 0.809 -0.002032 -0.809 0.5878 0.0003218 0.001194 0.001644 1
		0.3942 0.2864 -0.4893 0.387 0.313 1 1 0 0.809 0.5878 -0.009295 -0.5878 0.809 -0.001472 0.001194 0.001644 1
		0.2864 0.3942 -0.4893 0.4 0.313 1 1 0 0.5878 0.809 -0.009295 -0.809 0.5878 0.001472 0.001194 0.001644 1
		0.2876 0.3958 0.4893 0.4 0.688 1 1 0 0.5878 0.809 -0.002032 -0.809 0.5878 -0.0003216 0.001194 0.001644 1
		0.2864 0.3942 -0.4893 0.4 0.313 1 1 0 0.5878 0.809 -0.009295 -0.809 0.5878 -0.001472 0.001194 0.001644 1
		0.1512 0.4653 0.4893 0.412 0.688 1 1 0 0.309 0.9511 -0.002032 -0.9511 0.309 0.000322 0.001194 0.001644 1
		0.1512 0.4653 0.4893 0.412 0.688 1 1 0 0.309 0.9511 -0.002032 -0.9511 0.309 0.0003218 0.0006279 0.001933 1
		0.2864 0.3942 -0.4893 0.4 0.313 1 1 0 0.5878 0.809 -0.009295 -0.809 0.5878 -0.001472 0.0006279 0.001933 1
		0.1506 0.4635 -0.4893 0.412 0.313 1 1 0 0.309 0.951 -0.009295 -0.9511 0.309 0.001472 0.0006279 0.001933 1
		0.1512 0.4653 0.4893 0.412 0.688 1 1 0 0.309 0.9511 -0.002032 -0.9511 0.309 -0.000322 0.0006279 0.001933 1
		0.1506 0.4635 -0.4893 0.412 0.313 1 1 0 0.309 0.951 -0.009295 -0.9511 0.309 -0.001472 0.0006279 0.001933 1
		0 0.4893 0.4893 0.425 0.688 1 1 0 0 1 -0.002032 -1 0 0.0003216 0.0006279 0.001933 1
		0 0.4893 0.4893 0.425 0.688 1 1 0 0 1 -0.002032 -1 0 0.0003218 0 0.005289 2.603
		0.1506 0.4635 -0.4893 0.412 0.313 1 1 0 0.309 0.951 -0.009295 -0.9511 0.309 -0.001472 0 0.005289 2.603
		0 0.4873 -0.4893 0.425 0.313 1 1 0 0 1 -0.009295 -1 0 0.001472 0 0.005289 2.603
		0 0.4893 0.4893 0.425 0.688 1 1 0 0 1 -0.002032 -1 0 -0.0003216 -0.0006279 0.001933 1
		-0.1506 0.4635 -0.4893 0.437 0.313 1 1 0 -0.309 0.951 -0.009295 -0.9511 -0.309 0.001472 -0.0006279 0.001933 1
		-0.1512 0.4653 0.4893 0.437 0.688 1 1 0 -0.309 0.9511 -0.002032 -0.9511 -0.309 0.000322 -0.0006279 0.001933 1
		-0.1506 0.4635 -0.4893 0.437 0.313 1 1 0 -0.309 0.951 -0.009295 -0.9511 -0.309 0.001472 0 0.005289 2.603
		0 0.4893 0.4893 0.425 0.688 1 1 0 0 1 -0.002032 -1 0 -0.0003218 0 0.005289 2.603
		0 0.4873 -0.4893 0.425 0.313 1 1 0 0 1 -0.009295 -1 0 -0.001472 0 0.005289 2.603
		-0.1512 0.4653 0.4893 0.437 0.688 1 1 0 -0.309 0.9511 -0.002032 -0.9511 -0.309 -0.000322 -0.001194 0.001644 1
		-0.2864 0.3942 -0.4893 0.45 0.313 1 1 0 -0.5878 0.809 -0.009295 -0.809 -0.5878 0.001472 -0.001194 0.001644 1
		-0.2876 0.3958 0.4893 0.45 0.688 1 1 0 -0.5878 0.809 -0.002032 -0.809 -0.5878 0.0003216 -0.001194 0.001644 1
		-0.2864 0.3942 -0.4893 0.45 0.313 1 1 0 -0.5878 0.809 -0.009295 -0.809 -0.5878 0.001472 -0.0006279 0.001933 1
		-0.1512 0.4653 0.4893 0.437 0.688 1 1 0 -0.309 0.9511 -0.002032 -0.9511 -0.309 -0.0003218 -0.0006279 0.001933 1
		-0.1506 0.4635 -0.4893 0.437 0.313 1 1 0 -0.309 0.951 -0.009295 -0.9511 -0.309 -0.001472 -0.0006279 0.001933 1
		-0.2876 0.3958 0.4893 0.45 0.688 1 1 0 -0.5878 0.809 -0.002032 -0.809 -0.5878 -0.0003216 -0.001194 0.001644 1
		-0.2864 0.3942 -0.4893 0.45 0.313 1 1 0 -0.5878 0.809 -0.009295 -0.809 -0.5878 -0.001472 -0.001194 0.001644 1
		-0.3958 0.2876 0.4893 0.462 0.688 1 1 0 -0.809 0.5878 -0.002032 -0.5878 -0.809 0.000322 -0.001194 0.001644 1
		-0.3958 0.2876 0.4893 0.462 0.688 1 1 0 -0.809 0.5878 -0.002032 -0.5878 -0.809 0.0003218 -0.001644 0.001194 1
		-0.2864 0.3942 -0.4893 0.45 0.313 1 1 0 -0.5878 0.809 -0.009295 -0.809 -0.5878 -0.001472 -0.001644 0.001194 1
		-0.3942 0.2864 -0.4893 0.462 0.313 1 1 0 -0.809 0.5878 -0.009295 -0.5878 -0.809 0.001472 -0.001644 0.001194 1
		-0.3958 0.2876 0.4893 0.462 0.688 1 1 0 -0.809 0.5878 -0.002032 -0.5878 -0.809 -0.000322 -0.001644 0.001194 1
		-0.3942 0.2864 -0.4893 0.462 0.313 1 1 0 -0.809 0.5878 -0.009295 -0.5878 -0.809 -0.001472 -0.001644 0.001194 1
		-0.4653 0.1512 0.4893 0.475 0.688 1 1 0 -0.9511 0.309 -0.002032 -0.309 -0.9511 0.0003216 -0.001644 0.001194 1
		-0.4653 0.1512 0.4893 0.475 0.688 1 1 0 -0.9511 0.309 -0.002032 -0.309 -0.9511 0.0003218 -0.001933 0.0006279 1
		-0.3942 0.2864 -0.4893 0.462 0.313 1 1 0 -0.809 0.5878 -0.009295 -0.5878 -0.809 -0.001472 -0.001933 0.0006279 1
		-0.4635 0.1506 -0.4893 0.475 0.313 1 1 0 -0.951 0.309 -0.009295 -0.309 -0.9511 0.001472 -0.001933 0.0006279 1
		-0.4653 0.1512 0.4893 0.475 0.688 1 1 0 -0.9511 0.309 -0.002032 -0.309 -0.9511 -0.0003216 -0.001933 0.0006279 1
		-0.4635 0.1506 -0.4893 0.475 0.313 1 1 0 -0.951 0.309 -0.009295 -0.309 -0.9511 -0.001472 -0.001933 0.0006279 1
		-0.4893 0 0.4893 0.487 0.688 1 1 0 -1 0 -0.002032 0 -1 0.000322 -0.001933 0.0006279 1
		-0.4893 0 0.4893 0.487 0.688 1 1 0 -1 0 -0.002032 0 -1 0.0003218 -0.002032 0 1
		-0.4635 0.1506 -0.4893 0.475 0.313 1 1 0 -0.951 0.309 -0.009295 -0.309 -0.9511 -0.001472 -0.002032 0 1
		-0.4873 0 -0.4893 0.487 0.313 1 1 0 -1 0 -0.009295 0 -1 0.001472 -0.002032 0 1
		-0.4893 0 0.4893 0.487 0.688 1 1 0 -1 0 -0.002032 0 -1 -0.000322 -0.001933 -0.0006279 1
		-0.4635 -0.1506 -0.4893 0.5 0.313 1 1 0 -0.951 -0.309 -0.009295 0.309 -0.9511 0.001472 -0.001933 -0.0006279 1
		-0.4653 -0.1512 0.4893 0.5 0.688 1 1 0 -0.9511 -0.309 -0.002032 0.309 -0.9511 0.0003216 -0.001933 -0.0006279 1
		-0.4635 -0.1506 -0.4893 0.5 0.313 1 1 0 -0.951 -0.309 -0.009295 0.309 -0.9511 0.001472 -0.005289 0 2.603
		-0.4893 0 0.4893 0.487 0.688 1 1 0 -1 0 -0.002032 0 -1 -0.0003218 -0.005289 0 2.603
		-0.4873 0 -0.4893 0.487 0.313 1 1 0 -1 0 -0.009295 0 -1 -0.001472 -0.005289 0 2.603
		-0.4653 -0.1512 0.4893 0.5 0.688 1 1 0 -0.9511 -0.309 -0.002032 0.309 -0.9511 -0.0003216 -0.001644 -0.001194 1
		-0.3942 -0.2864 -0.4893 0.512 0.313 1 1 0 -0.809 -0.5878 -0.009295 0.5878 -0.809 0.001472 -0.001644 -0.001194 1
		-0.3958 -0.2876 0.4893 0.512 0.688 1 1 0 -0.809 -0.5878 -0.002032 0.5878 -0.809 0.000322 -0.001644 -0.001194 1
		-0.3942 -0.2864 -0.4893 0.512 0.313 1 1 0 -0.809 -0.5878 -0.009295 0.5878 -0.809 0.001472 -0.001933 -0.0006279 1
		-0.4653 -0.1512 0.4893 0.5 0.688 1 1 0 -0.9511 -0.309 -0.002032 0.309 -0.9511 -0.0003218 -0.001933 -0.0006279 1
		-0.4635 -0.1506 -0.4893 0.5 0.313 1 1 0 -0.951 -0.309 -0.009295 0.309 -0.9511 -0.001472 -0.001933 -0.0006279 1
		-0.3958 -0.2876 0.4893 0.512 0.688 1 1 0 -0.809 -0.5878 -0.002032 0.5878 -0.809 -0.000322 -0.001644 -0.001194 1
		-0.3942 -0.2864 -0.4893 0.512 0.313 1 1 0 -0.809 -0.5878 -0.009295 0.5878 -0.809 -0.001472 -0.001644 -0.001194 1
		-0.2876 -0.3958 0.4893 0.525 0.688 1 1 0 -0.5878 -0.809 -0.002032 0.809 -0.5878 0.0003216 -0.001644 -0.001194 1
		-0.2876 -0.3958 0.4893 0.525 0.688 1 1 0 -0.5878 -0.809 -0.002032 0.809 -0.5878 0.0003218 -0.001194 -0.001644 1
		-0.3942 -0.2864 -0.4893 0.512 0.313 1 1 0 -0.809 -0.5878 -0.009295 0.5878 -0.809 -0.001472 -0.001194 -0.001644 1
		-0.2864 -0.3942 -0.4893 0.525 0.313 1 1 0 -0.5878 -0.809 -0.009295 0.809 -0.5878 0.001472 -0.001194 -0.001644 1
		-0.2876 -0.3958 0.4893 0.525 0.688 1 1 0 -0.5878 -0.809 -0.002032 0.809 -0.5878 -0.0003216 -0.001194 -0.001644 1
		-0.2864 -0.3942 -0.4893 0.525 0.313 1 1 0 -0.5878 -0.809 -0.009295 0.809 -0.5878 -0.001472 -0.001194 -0.001644 1
		-0.1512 -0.4653 0.4893 0.537 0.688 1 1 0 -0.309 -0.9511 -0.002032 0.9511 -0.309 0.000322 -0.001194 -0.001644 1
		-0.1512 -0.4653 0.4893 0.537 0.688 1 1 0 -0.309 -0.9511 -0.002032 0.9511 -0.309 0.0003218 -0.0006279 -0.001933 1
		-0.2864 -0.3942 -0.4893 0.525 0.313 1 1 0 -0.5878 -0.809 -0.009295 0.809 -0.5878 -0.001472 -0.0006279 -0.001933 1
		-0.1506 -0.4635 -0.4893 0.537 0.313 1 1 0 -0.309 -0.951 -0.009295 0.9511 -0.309 0.001472 -0.0006279 -0.001933 1
		-0.1512 -0.4653 0.4893 0.537 0.688 1 1 0 -0.309 -0.9511 -0.002032 0.9511 -0.309 -0.000322 -0.0006279 -0.001933 1
		-0.1506 -0.4635 -0.4893 0.537 0.313 1 1 0 -0.309 -0.951 -0.009295 0.9511 -0.309 -0.001472 -0.0006279 -0.001933 1
		0 -0.4893 0.4893 0.55 0.688 1 1 0 0 -1 -0.002032 1 0 0.0003216 -0.0006279 -0.001933 1
		0 -0.4893 0.4893 0.55 0.688 1 1 0 0 -1 -0.002032 1 0 0.0003218 0 -0.002032 1
		-0.1506 -0.4635 -0.4893 0.537 0.313 1 1 0 -0.309 -0.951 -0.009295 0.9511 -0.309 -0.001472 0 -0.002032 1
		0 -0.4873 -0.4893 0.55 0.313 1 1 0 0 -1 -0.009295 1 0 0.001472 0 -0.002032 1
		0 -0.4893 0.4893 0.55 0.688 1 1 0 0 -1 -0.002032 1 0 -0.0003216 0.0006279 -0.001933 1
		0.1506 -0.4635 -0.4893 0.562 0.313 1 1 0 0.309 -0.951 -0.009295 0.9511 0.309 0.001472 0.0006279 -0.001933 1
		0.1512 -0.4653 0.4893 0.562 0.688 1 1 0 0.309 -0.9511 -0.002032 0.9511 0.309 0.000322 0.0006279 -0.001933 1
		0.1506 -0.4635 -0.4893 0.562 0.313 1 1 0 0.309 -0.951 -0.009295 0.9511 0.309 0.001472 0 -0.005289 2.603
		0 -0.4893 0.4893 0.55 0.688 1 1 0 0 -1 -0.002032 1 0 -0.0003218 0 -0.005289 2.603
		0 -0.4873 -0.4893 0.55 0.313 1 1 0 0 -1 -0.009295 1 0 -0.001472 0 -0.005289 2.603
		0.1512 -0.4653 0.4893 0.562 0.688 1 1 0 0.309 -0.9511 -0.002032 0.9511 0.309 -0.000322 0.001194 -0.001644 1
		0.2864 -0.3942 -0.4893 0.575 0.313 1 1 0 0.5878 -0.809 -0.009295 0.809 0.5878 0.001472 0.001194 -0.001644 1
		0.2876 -0.3958 0.4893 0.575 0.688 1 1 0 0.5878 -0.809 -0.002032 0.809 0.5878 0.0003216 0.001194 -0.001644 1
		0.2864 -0.3942 -0.4893 0.575 0.313 1 1 0 0.5878 -0.809 -0.009295 0.809 0.5878 0.001472 0.0006279 -0.001933 1
		0.1512 -0.4653 0.4893 0.562 0.688 1 1 0 0.309 -0.9511 -0.002032 0.9511 0.309 -0.0003218 0.0006279 -0.001933 1
		0.1506 -0.4635 -0.4893 0.562 0.313 1 1 0 0.309 -0.951 -0.009295 0.9511 0.309 -0.001472 0.0006279 -0.001933 1
		0.2876 -0.3958 0.4893 0.575 0.688 1 1 0 0.5878 -0.809 -0.002032 0.809 0.5878 -0.0003216 0.001194 -0.001644 1
		0.2864 -0.3942 -0.4893 0.575 0.313 1 1 0 0.5878 -0.809 -0.009295 0.809 0.5878 -0.001472 0.001194 -0.001644 1
		0.3958 -0.2876 0.4893 0.587 0.688 1 1 0 0.809 -0.5878 -0.002032 0.5878 0.809 0.000322 0.001194 -0.001644 1
		0.3958 -0.2876 0.4893 0.587 0.688 1 1 0 0.809 -0.5878 -0.002032 0.5878 0.809 0.0003218 0.001644 -0.001194 1
		0.2864 -0.3942 -0.4893 0.575 0.313 1 1 0 0.5878 -0.809 -0.009295 0.809 0.5878 -0.001472 0.001644 -0.001194 1
		0.3942 -0.2864 -0.4893 0.587 0.313 1 1 0 0.809 -0.5878 -0.009295 0.5878 0.809 0.001472 0.001644 -0.001194 1
		0.3958 -0.2876 0.4893 0.587 0.688 1 1 0 0.809 -0.5878 -0.002032 0.5878 0.809 -0.000322 0.001644 -0.001194 1
		0.3942 -0.2864 -0.4893 0.587 0.313 1 1 0 0.809 -0.5878 -0.009295 0.5878 0.809 -0.001472 0.001644 -0.001194 1
		0.4653 -0.1512 0.4893 0.6 0.688 1 1 0 0.9511 -0.309 -0.002032 0.309 0.9511 0.0003216 0.001644 -0.001194 1
		0.4653 -0.1512 0.4893 0.6 0.688 1 1 0 0.9511 -0.309 -0.002032 0.309 0.9511 0.0003218 0.001933 -0.0006279 1
		0.3942 -0.2864 -0.4893 0.587 0.313 1 1 0 0.809 -0.5878 -0.009295 0.5878 0.809 -0.001472 0.001933 -0.0006279 1
		0.4635 -0.1506 -0.4893 0.6 0.313 1 1 0 0.951 -0.309 -0.009295 0.309 0.9511 0.001472 0.001933 -0.0006279 1
		0.4653 -0.1512 0.4893 0.6 0.688 1 1 0 0.9511 -0.309 -0.002032 0.309 0.9511 -0.0003216 0.001933 -0.0006279 1
		0.4635 -0.1506 -0.4893 0.6 0.313 1 1 0 0.951 -0.309 -0.009295 0.309 0.9511 -0.001472 0.001933 -0.0006279 1
		0.4893 0 0.4893 0.612 0.688 1 1 0 1 0 -0.002032 0 1 0.000322 0.001933 -0.0006279 1
		0.4893 0 0.4893 0.612 0.688 1 1 0 1 0 -0.002032 0 1 0.0003218 0.002032 0 1
		0.4635 -0.1506 -0.4893 0.6 0.313 1 1 0 0.951 -0.309 -0.009295 0.309 0.9511 -0.001472 0.002032 0 1
		0.4873 0 -0.4893 0.612 0.313 1 1 0 1 0 -0.009295 0 1 0.001472 0.002032 0 1
		0.4893 0 0.4893 0.612 0.688 1 1 0 1 0 -0.002032 0 1 -0.000322 0.001933 0.0006279 1
		0.4635 0.1506 -0.4893 0.625 0.313 1 1 0 0.951 0.309 -0.009295 -0.309 0.9511 0.001472 0.001933 0.0006279 1
		0.4653 0.1512 0.4893 0.625 0.688 1 1 0 0.9511 0.309 -0.002032 -0.309 0.9511 0.0003216 0.001933 0.0006279 1
		0.4635 0.1506 -0.4893 0.625 0.313 1 1 0 0.951 0.309 -0.009295 -0.309 0.9511 0.001472 0.005289 0 2.603
		0.4893 0 0.4893 0.612 0.688 1 1 0 1 0 -0.002032 0 1 -0.0003218 0.005289 0 2.603
		0.4873 0 -0.4893 0.612 0.313 1 1 0 1 0 -0.009295 0 1 -0.001472 0.005289 0 2.603
		0.2936 0.09539 0.4106 0.649 0.892 1 1 0 0 0 1 0.9994 -0.03541 0 0 1.94 0
		0.2497 0.1814 0.4106 0.626 0.936 1 1 0 0 0 1 0.9994 -0.03541 0 0 1.94 0
		0 0 0.4106 0.5 0.837 1 1 0 0 0 1 0.9994 -0.03541 0 0 1.94 0
		0.2497 0.1814 0.4106 0.626 0.936 1 1 0 0 0 1 0.9996 -0.02783 0 0 1.921 0
		0.1814 0.2497 0.4106 0.592 0.97 1 1 0 0 0 1 0.9996 -0.02783 0 0 1.921 0
		0 0 0.4106 0.5 0.837 1 1 0 0 0 1 0.9996 -0.02783 0 0 1.921 0
		0.1814 0.2497 0.4106 0.592 0.97 1 1 0 0 0 1 0.9998 -0.01774 0 0 1.907 0
		0.09539 0.2936 0.4106 0.548 0.992 1 1 0 0 0 1 0.9998 -0.01774 0 0 1.907 0
		0 0 0.4106 0.5 0.837 1 1 0 0 0 1 0.9998 -0.01774 0 0 1.907 0
		0.09539 0.2936 0.4106 0.548 0.992 1 1 0 0 0 1 1 -0.006091 0 0 1.9 0
		0 0.3087 0.4106 0.5 1 1 1 0 0 0 1 1 -0.006091 0 0 1.9 0
		0 0 0.4106 0.5 0.837 1 1 0 0 0 1 1 -0.006091 0 0 1.9 0
		0 0.3087 0.4106 0.5 1 1 1 0 0 0 1 1 0.006091 0 0 1.9 0
		-0.09539 0.2936 0.4106 0.452 0.992 1 1 0 0 0 1 1 0.006091 0 0 1.9 0
		0 0 0.4106 0.5 0.837 1 1 0 0 0 1 1 0.006091 0 0 1.9 0
		-0.09539 0.2936 0.4106 0.452 0.992 1 1 0 0 0 1 0.9998 0.01774 0 0 1.907 0
		-0.1814 0.2497 0.4106 0.408 0.97 1 1 0 0 0 1 0.9998 0.01774 0 0 1.907 0
		0 0 0.4106 0.5 0.837 1 1 0 0 0 1 0.9998 0.01774 0 0 1.907 0
		-0.1814 0.2497 0.4106 0.408 0.97 1 1 0 0 0 1 0.9996 0.02783 0 0 1.921 0
		-0.2497 0.1814 0.4106 0.374 0.936 1 1 0 0 0 1 0.9996 0.02783 0 0 1.921 0
		0 0 0.4106 0.5 0.837 1 1 0 0 0 1 0.9996 0.02783 0 0 1.921 0
		-0.2497 0.1814 0.4106 0.374 0.936 1 1 0 0 0 1 0.9994 0.03541 0 0 1.94 0
		-0.2936 0.09539 0.4106 0.351 0.892 1 1 0 0 0 1 0.9994 0.03541 0 0 1.94 0
		0 0 0.4106 0.5 0.837 1 1 0 0 0 1 0.9994 0.03541 0 0 1.94 0
		-0.2936 0.09539 0.4106 0.351 0.892 1 1 0 0 0 1 0.9992 0.03972 0 0 1.963 0
		-0.3087 0 0.4106 0.344 0.844 1 1 0 0 0 1 0.9992 0.03972 0 0 1.963 0
		0 0 0.4106 0.5 0.837 1 1 0 0 0 1 0.9992 0.03972 0 0 1.963 0
		-0.3087 0 0.4106 0.344 0.844 1 1 0 0 0 1 0.9992 0.04022 0 0 1.988 0
		-0.2936 -0.09539 0.4106 0.351 0.795 1 1 0 0 0 1 0.9992 0.04022 0 0 1.988 0
		0 0 0.4106 0.5 0.837 1 1 0 0 0 1 0.9992 0.04022 0 0 1.988 0
		-0.2936 -0.09539 0.4106 0.351 0.795 1 1 0 0 0 1 0.9993 0.03674 0 0 2.013 0
		-0.2497 -0.1814 0.4106 0.374 0.752 1 1 0 0 0 1 0.9993 0.03674 0 0 2.013 0
		0 0 0.4106 0.5 0.837 1 1 0 0 0 1 0.9993 0.03674 0 0 2.013 0
		-0.2497 -0.1814 0.4106 0.374 0.752 1 1 0 0 0 1 0.9996 0.02947 0 0 2.034 0
		-0.1814 -0.2497 0.4106 0.408 0.717 1 1 0 0 0 1 0.9996 0.02947 0 0 2.034 0
		0 0 0.4106 0.5 0.837 1 1 0 0 0 1 0.9996 0.02947 0 0 2.034 0
		-0.1814 -0.2497 0.4106 0.408 0.717 1 1 0 0 0 1 0.9998 0.01907 0 0 2.05 0
		-0.09539 -0.2936 0.4106 0.452 0.695 1 1 0 0 0 1 0.9998 0.01907 0 0 2.05 0
		0 0 0.4106 0.5 0.837 1 1 0 0 0 1 0.9998 0.01907 0 0 2.05 0
		-0.09539 -0.2936 0.4106 0.452 0.695 1 1 0 0 0 1 1 0.006599 0 0 2.058 0
		0 -0.3087 0.4106 0.5 0.687 1 1 0 0 0 1 1 0.006599 0 0 2.058 0
		0 0 0.4106 0.5 0.837 1 1 0 0 0 1 1 0.006599 0 0 2.058 0
		0 -0.3087 0.4106 0.5 0.687 1 1 0 0 0 1 1 -0.006599 0 0 2.058 0
		0.09539 -0.2936 0.4106 0.548 0.695 1 1 0 0 0 1 1 -0.006599 0 0 2.058 0
		0 0 0.4106 0.5 0.837 1 1 0 0 0 1 1 -0.006599 0 0 2.058 0
		0.09539 -0.2936 0.4106 0.548 0.695 1 1 0 0 0 1 0.9998 -0.01907 0 0 2.05 0
		0.1814 -0.2497 0.4106 0.592 0.717 1 1 0 0 0 1 0.9998 -0.01907 0 0 2.05 0
		0 0 0.4106 0.5 0.837 1 1 0 0 0 1 0.9998 -0.01907 0 0 2.05 0
		0.1814 -0.2497 0.4106 0.592 0.717 1 1 0 0 0 1 0.9996 -0.02947 0 0 2.034 0
		0.2497 -0.1814 0.4106 0.626 0.752 1 1 0 0 0 1 0.9996 -0.02947 0 0 2.034 0
		0 0 0.4106 0.5 0.837 1 1 0 0 0 1 0.9996 -0.02947 0 0 2.034 0
		0.2497 -0.1814 0.4106 0.626 0.752 1 1 0 0 0 1 0.9993 -0.03674 0 0 2.013 0
		0.2936 -0.09539 0.4106 0.649 0.795 1 1 0 0 0 1 0.9993 -0.03674 0 0 2.013 0
		0 0 0.4106 0.5 0.837 1 1 0 0 0 1 0.9993 -0.03674 0 0 2.013 0
		0.2936 -0.09539 0.4106 0.649 0.795 1 1 0 0 0 1 0.9992 -0.04022 0 0 1.988 0
		0.3087 0 0.4106 0.656 0.844 1 1 0 0 0 1 0.9992 -0.04022 0 0 1.988 0
		0 0 0.4106 0.5 0.837 1 1 0 0 0 1 0.9992 -0.04022 0 0 1.988 0
		0.3087 0 0.4106 0.656 0.844 1 1 0 0 0 1 0.9992 -0.03972 0 0 1.963 0
		0.2936 0.09539 0.4106 0.649 0.892 1 1 0 0 0 1 0.9992 -0.03972 0 0 1.963 0
		0 0 0.4106 0.5 0.837 1 1 0 0 0 1 0.9992 -0.03972 0 0 1.963 0
		0.1426 0.04634 -0.9508 0 0.1 1 1 0 0.3173 0.1031 -0.9427 -0.438 0.8976 -0.04926 0.9248 0.3005 0.2334
		0.0722 0.02346 -0.9686 0 0.05 1 1 0 0.1906 0.06191 -0.9797 -0.4482 0.8934 -0.03072 0.9248 0.3005 0.2334
		0.1213 0.08815 -0.9508 0.05 0.1 1 1 0 0.2699 0.1961 -0.9427 -0.4687 0.882 0.04926 0.9248 0.3005 0.2334
		0.1213 0.08815 -0.9508 0.05 0.1 1 1 0 0.2699 0.1961 -0.9427 -0.4687 0.882 0.04926 0.7867 0.5715 0.2334
		0.0722 0.02346 -0.9686 0 0.05 1 1 0 0.1906 0.06191 -0.9797 -0.4482 0.8934 -0.03072 0.7867 0.5715 0.2334
		0.06142 0.04462 -0.9686 0.05 0.05 1 1 0 0.1621 0.1178 -0.9797 -0.4593 0.8878 0.03072 0.7867 0.5715 0.2334
		0.06142 0.04462 -0.9686 0.05 0.05 1 1 0 0.1621 0.1178 -0.9797 -0.7024 0.7111 -0.03072 0.7867 0.5715 0.2334
		0.08815 0.1213 -0.9508 0.1 0.1 1 1 0 0.1961 0.2699 -0.9427 -0.7183 0.694 0.04926 0.7867 0.5715 0.2334
		0.1213 0.08815 -0.9508 0.05 0.1 1 1 0 0.2699 0.1961 -0.9427 -0.694 0.7183 -0.04926 0.7867 0.5715 0.2334
		0.08815 0.1213 -0.9508 0.1 0.1 1 1 0 0.1961 0.2699 -0.9427 -0.7183 0.694 0.04926 0.5715 0.7867 0.2334
		0.06142 0.04462 -0.9686 0.05 0.05 1 1 0 0.1621 0.1178 -0.9797 -0.7024 0.7111 -0.03072 0.5715 0.7867 0.2334
		0.04462 0.06142 -0.9686 0.1 0.05 1 1 0 0.1178 0.1621 -0.9797 -0.7111 0.7024 0.03072 0.5715 0.7867 0.2334
		0.04634 0.1426 -0.9508 0.15 0.1 1 1 0 0.1031 0.3173 -0.9427 -0.8976 0.438 0.04926 0.3005 0.9248 0.2334
		0.04462 0.06142 -0.9686 0.1 0.05 1 1 0 0.1178 0.1621 -0.9797 -0.8878 0.4593 -0.03072 0.3005 0.9248 0.2334
		0.02346 0.0722 -0.9686 0.15 0.05 1 1 0 0.06192 0.1906 -0.9797 -0.8934 0.4482 0.03072 0.3005 0.9248 0.2334
		0.04462 0.06142 -0.9686 0.1 0.05 1 1 0 0.1178 0.1621 -0.9797 -0.8878 0.4593 -0.03072 0.5715 0.7867 0.2334
		0.04634 0.1426 -0.9508 0.15 0.1 1 1 0 0.1031 0.3173 -0.9427 -0.8976 0.438 0.04926 0.5715 0.7867 0.2334
		0.08815 0.1213 -0.9508 0.1 0.1 1 1 0 0.1961 0.2699 -0.9427 -0.882 0.4687 -0.04926 0.5715 0.7867 0.2334
		0 0.15 -0.9508 0.2 0.1 1 1 0 0 0.3336 -0.9427 -0.989 0.1392 0.04926 0 1.481 0.3556
		0.02346 0.0722 -0.9686 0.15 0.05 1 1 0 0.06192 0.1906 -0.9797 -0.9862 0.1625 -0.03072 0 1.481 0.3556
		0 0.07592 -0.9686 0.2 0.05 1 1 0 0 0.2004 -0.9797 -0.9882 0.1502 0.03072 0 1.481 0.3556
		0.02346 0.0722 -0.9686 0.15 0.05 1 1 0 0.06192 0.1906 -0.9797 -0.9862 0.1625 -0.03072 0.3005 0.9248 0.2334
		0 0.15 -0.9508 0.2 0.1 1 1 0 0 0.3336 -0.9427 -0.989 0.1392 0.04926 0.3005 0.9248 0.2334
		0.04634 0.1426 -0.9508 0.15 0.1 1 1 0 0.1031 0.3173 -0.9427 -0.9836 0.1732 -0.04926 0.3005 0.9248 0.2334
		-0.02346 0.0722 -0.9686 0.25 0.05 1 1 0 -0.06192 0.1906 -0.9797 -0.9862 -0.1625 0.03072 -0.3005 0.9248 0.2334
		-0.04634 0.1426 -0.9508 0.25 0.1 1 1 0 -0.1031 0.3173 -0.9427 -0.9836 -0.1732 0.04926 -0.3005 0.9248 0.2334
		0 0.07592 -0.9686 0.2 0.05 1 1 0 0 0.2004 -0.9797 -0.9882 -0.1502 -0.03072 -0.3005 0.9248 0.2334
		0 0.07592 -0.9686 0.2 0.05 1 1 0 0 0.2004 -0.9797 -0.9882 -0.1502 -0.03072 0 1.481 0.3556
		-0.04634 0.1426 -0.9508 0.25 0.1 1 1 0 -0.1031 0.3173 -0.9427 -0.9836 -0.1732 0.04926 0 1.481 0.3556
		0 0.15 -0.9508 0.2 0.1 1 1 0 0 0.3336 -0.9427 -0.989 -0.1392 -0.04926 0 1.481 0.3556
		-0.04462 0.06142 -0.9686 0.3 0.05 1 1 0 -0.1178 0.1621 -0.9797 -0.8878 -0.4593 0.03072 -0.5715 0.7867 0.2334
		-0.08815 0.1213 -0.9508 0.3 0.1 1 1 0 -0.1961 0.2699 -0.9427 -0.882 -0.4687 0.04926 -0.5715 0.7867 0.2334
		-0.02346 0.0722 -0.9686 0.25 0.05 1 1 0 -0.06192 0.1906 -0.9797 -0.8934 -0.4482 -0.03072 -0.5715 0.7867 0.2334
		-0.04634 0.1426 -0.9508 0.25 0.1 1 1 0 -0.1031 0.3173 -0.9427 -0.8976 -0.438 -0.04926 -0.3005 0.9248 0.2334
		-0.02346 0.0722 -0.9686 0.25 0.05 1 1 0 -0.06192 0.1906 -0.9797 -0.8934 -0.4482 -0.03072 -0.3005 0.9248 0.2334
		-0.08815 0.1213 -0.9508 0.3 0.1 1 1 0 -0.1961 0.2699 -0.9427 -0.882 -0.4687 0.04926 -0.3005 0.9248 0.2334
		-0.08815 0.1213 -0.9508 0.3 0.1 1 1 0 -0.1961 0.2699 -0.9427 -0.7183 -0.694 -0.04926 -0.5715 0.7867 0.2334
		-0.04462 0.06142 -0.9686 0.3 0.05 1 1 0 -0.1178 0.1621 -0.9797 -0.7111 -0.7024 -0.03072 -0.5715 0.7867 0.2334
		-0.1213 0.08815 -0.9508 0.35 0.1 1 1 0 -0.2699 0.1961 -0.9427 -0.694 -0.7183 0.04926 -0.5715 0.7867 0.2334
		-0.04462 0.06142 -0.9686 0.3 0.05 1 1 0 -0.1178 0.1621 -0.9797 -0.7111 -0.7024 -0.03072 -0.7867 0.5715 0.2334
		-0.06142 0.04462 -0.9686 0.35 0.05 1 1 0 -0.1621 0.1178 -0.9797 -0.7024 -0.7111 0.03072 -0.7867 0.5715 0.2334
		-0.1213 0.08815 -0.9508 0.35 0.1 1 1 0 -0.2699 0.1961 -0.9427 -0.694 -0.7183 0.04926 -0.7867 0.5715 0.2334
		-0.1213 0.08815 -0.9508 0.35 0.1 1 1 0 -0.2699 0.1961 -0.9427 -0.4687 -0.882 -0.04926 -0.7867 0.5715 0.2334
		-0.06142 0.04462 -0.9686 0.35 0.05 1 1 0 -0.1621 0.1178 -0.9797 -0.4593 -0.8878 -0.03072 -0.7867 0.5715 0.2334
		-0.1426 0.04634 -0.9508 0.4 0.1 1 1 0 -0.3173 0.1031 -0.9427 -0.438 -0.8976 0.04926 -0.7867 0.5715 0.2334
		-0.1426 0.04634 -0.9508 0.4 0.1 1 1 0 -0.3173 0.1031 -0.9427 -0.438 -0.8976 0.04926 -0.9248 0.3005 0.2334
		-0.06142 0.04462 -0.9686 0.35 0.05 1 1 0 -0.1621 0.1178 -0.9797 -0.4593 -0.8878 -0.03072 -0.9248 0.3005 0.2334
		-0.0722 0.02346 -0.9686 0.4 0.05 1 1 0 -0.1906 0.06192 -0.9797 -0.4482 -0.8934 0.03072 -0.9248 0.3005 0.2334
		-0.07592 0 -0.9686 0.45 0.05 1 1 0 -0.2004 0 -0.9797 -0.1502 -0.9882 0.03072 -0.9248 0.3005 0.2334
		-0.1426 0.04634 -0.9508 0.4 0.1 1 1 0 -0.3173 0.1031 -0.9427 -0.1732 -0.9836 -0.04926 -0.9248 0.3005 0.2334
		-0.0722 0.02346 -0.9686 0.4 0.05 1 1 0 -0.1906 0.06192 -0.9797 -0.1625 -0.9862 -0.03072 -0.9248 0.3005 0.2334
		-0.1426 0.04634 -0.9508 0.4 0.1 1 1 0 -0.3173 0.1031 -0.9427 -0.1732 -0.9836 -0.04926 -1.481 0 0.3556
		-0.07592 0 -0.9686 0.45 0.05 1 1 0 -0.2004 0 -0.9797 -0.1502 -0.9882 0.03072 -1.481 0 0.3556
		-0.15 0 -0.9508 0.45 0.1 1 1 0 -0.3336 0 -0.9427 -0.1392 -0.989 0.04926 -1.481 0 0.3556
		-0.1426 -0.04634 -0.9508 0.5 0.1 1 1 0 -0.3173 -0.1031 -0.9427 0.1732 -0.9836 0.04926 -0.9248 -0.3005 0.2334
		-0.07592 0 -0.9686 0.45 0.05 1 1 0 -0.2004 0 -0.9797 0.1502 -0.9882 -0.03072 -0.9248 -0.3005 0.2334
		-0.0722 -0.02346 -0.9686 0.5 0.05 1 1 0 -0.1906 -0.06192 -0.9797 0.1625 -0.9862 0.03072 -0.9248 -0.3005 0.2334
		-0.07592 0 -0.9686 0.45 0.05 1 1 0 -0.2004 0 -0.9797 0.1502 -0.9882 -0.03072 -0.9724 0 0.2334
		-0.1426 -0.04634 -0.9508 0.5 0.1 1 1 0 -0.3173 -0.1031 -0.9427 0.1732 -0.9836 0.04926 -0.9724 0 0.2334
		-0.15 0 -0.9508 0.45 0.1 1 1 0 -0.3336 0 -0.9427 0.1392 -0.989 -0.04926 -0.9724 0 0.2334
		-0.06142 -0.04462 -0.9686 0.55 0.05 1 1 0 -0.1621 -0.1178 -0.9797 0.4593 -0.8878 0.03072 -0.9248 -0.3005 0.2334
		-0.1426 -0.04634 -0.9508 0.5 0.1 1 1 0 -0.3173 -0.1031 -0.9427 0.438 -0.8976 -0.04926 -0.9248 -0.3005 0.2334
		-0.0722 -0.02346 -0.9686 0.5 0.05 1 1 0 -0.1906 -0.06192 -0.9797 0.4482 -0.8934 -0.03072 -0.9248 -0.3005 0.2334
		-0.1426 -0.04634 -0.9508 0.5 0.1 1 1 0 -0.3173 -0.1031 -0.9427 0.438 -0.8976 -0.04926 -0.7867 -0.5715 0.2334
		-0.06142 -0.04462 -0.9686 0.55 0.05 1 1 0 -0.1621 -0.1178 -0.9797 0.4593 -0.8878 0.03072 -0.7867 -0.5715 0.2334
		-0.1213 -0.08815 -0.9508 0.55 0.1 1 1 0 -0.2699 -0.1961 -0.9427 0.4687 -0.882 0.04926 -0.7867 -0.5715 0.2334
		-0.04462 -0.06142 -0.9686 0.6 0.05 1 1 0 -0.1178 -0.1621 -0.9797 0.7111 -0.7024 0.03072 -0.5715 -0.7867 0.2334
		-0.08815 -0.1213 -0.9508 0.6 0.1 1 1 0 -0.1961 -0.2699 -0.9427 0.7183 -0.694 0.04926 -0.5715 -0.7867 0.2334
		-0.06142 -0.04462 -0.9686 0.55 0.05 1 1 0 -0.1621 -0.1178 -0.9797 0.7024 -0.7111 -0.03072 -0.5715 -0.7867 0.2334
		-0.06142 -0.04462 -0.9686 0.55 0.05 1 1 0 -0.1621 -0.1178 -0.9797 0.7024 -0.7111 -0.03072 -0.7867 -0.5715 0.2334
		-0.08815 -0.1213 -0.9508 0.6 0.1 1 1 0 -0.1961 -0.2699 -0.9427 0.7183 -0.694 0.04926 -0.7867 -0.5715 0.2334
		-0.1213 -0.08815 -0.9508 0.55 0.1 1 1 0 -0.2699 -0.1961 -0.9427 0.694 -0.7183 -0.04926 -0.7867 -0.5715 0.2334
		-0.08815 -0.1213 -0.9508 0.6 0.1 1 1 0 -0.1961 -0.2699 -0.9427 0.882 -0.4687 -0.04926 -0.5715 -0.7867 0.2334
		-0.04462 -0.06142 -0.9686 0.6 0.05 1 1 0 -0.1178 -0.1621 -0.9797 0.8878 -0.4593 -0.03072 -0.5715 -0.7867 0.2334
		-0.04634 -0.1426 -0.9508 0.65 0.1 1 1 0 -0.1031 -0.3173 -0.9427 0.8976 -0.438 0.04926 -0.5715 -0.7867 0.2334
		-0.04462 -0.06142 -0.9686 0.6 0.05 1 1 0 -0.1178 -0.1621 -0.9797 0.8878 -0.4593 -0.03072 -0.3005 -0.9248 0.2334
		-0.02346 -0.0722 -0.9686 0.65 0.05 1 1 0 -0.06192 -0.1906 -0.9797 0.8934 -0.4482 0.03072 -0.3005 -0.9248 0.2334
		-0.04634 -0.1426 -0.9508 0.65 0.1 1 1 0 -0.1031 -0.3173 -0.9427 0.8976 -0.438 0.04926 -0.3005 -0.9248 0.2334
		-0.04634 -0.1426 -0.9508 0.65 0.1 1 1 0 -0.1031 -0.3173 -0.9427 0.9836 -0.1732 -0.04926 -0.3005 -0.9248 0.2334
		-0.02346 -0.0722 -0.9686 0.65 0.05 1 1 0 -0.06192 -0.1906 -0.9797 0.9862 -0.1625 -0.03072 -0.3005 -0.9248 0.2334
		0 -0.15 -0.9508 0.7 0.1 1 1 0 0 -0.3336 -0.9427 0.989 -0.1392 0.04926 -0.3005 -0.9248 0.2334
		0 -0.15 -0.9508 0.7 0.1 1 1 0 0 -0.3336 -0.9427 0.989 -0.1392 0.04926 0 -0.9724 0.2334
		-0.02346 -0.0722 -0.9686 0.65 0.05 1 1 0 -0.06192 -0.1906 -0.9797 0.9862 -0.1625 -0.03072 0 -0.9724 0.2334
		0 -0.07592 -0.9686 0.7 0.05 1 1 0 0 -0.2004 -0.9797 0.9882 -0.1502 0.03072 0 -0.9724 0.2334
		0.04634 -0.1426 -0.9508 0.75 0.1 1 1 0 0.1031 -0.3173 -0.9427 0.9836 0.1732 0.04926 0 -1.481 0.3556
		0 -0.15 -0.9508 0.7 0.1 1 1 0 0 -0.3336 -0.9427 0.989 0.1392 -0.04926 0 -1.481 0.3556
		0 -0.07592 -0.9686 0.7 0.05 1 1 0 0 -0.2004 -0.9797 0.9882 0.1502 -0.03072 0 -1.481 0.3556
		0.04634 -0.1426 -0.9508 0.75 0.1 1 1 0 0.1031 -0.3173 -0.9427 0.9836 0.1732 0.04926 0.3005 -0.9248 0.2334
		0 -0.07592 -0.9686 0.7 0.05 1 1 0 0 -0.2004 -0.9797 0.9882 0.1502 -0.03072 0.3005 -0.9248 0.2334
		0.02346 -0.0722 -0.9686 0.75 0.05 1 1 0 0.06191 -0.1906 -0.9797 0.9862 0.1625 0.03072 0.3005 -0.9248 0.2334
		0.04462 -0.06142 -0.9686 0.8 0.05 1 1 0 0.1178 -0.1621 -0.9797 0.8878 0.4593 0.03072 0.3005 -0.9248 0.2334
		0.04634 -0.1426 -0.9508 0.75 0.1 1 1 0 0.1031 -0.3173 -0.9427 0.8976 0.438 -0.04926 0.3005 -0.9248 0.2334
		0.02346 -0.0722 -0.9686 0.75 0.05 1 1 0 0.06191 -0.1906 -0.9797 0.8934 0.4482 -0.03072 0.3005 -0.9248 0.2334
		0.04634 -0.1426 -0.9508 0.75 0.1 1 1 0 0.1031 -0.3173 -0.9427 0.8976 0.438 -0.04926 0.5715 -0.7867 0.2334
		0.04462 -0.06142 -0.9686 0.8 0.05 1 1 0 0.1178 -0.1621 -0.9797 0.8878 0.4593 0.03072 0.5715 -0.7867 0.2334
		0.08815 -0.1213 -0.9508 0.8 0.1 1 1 0 0.1961 -0.2699 -0.9427 0.882 0.4687 0.04926 0.5715 -0.7867 0.2334
		0.1213 -0.08815 -0.9508 0.85 0.1 1 1 0 0.2699 -0.1961 -0.9427 0.694 0.7183 0.04926 0.7867 -0.5715 0.2334
		0.04462 -0.06142 -0.9686 0.8 0.05 1 1 0 0.1178 -0.1621 -0.9797 0.7111 0.7024 -0.03072 0.7867 -0.5715 0.2334
		0.06142 -0.04462 -0.9686 0.85 0.05 1 1 0 0.1621 -0.1178 -0.9797 0.7024 0.7111 0.03072 0.7867 -0.5715 0.2334
		0.04462 -0.06142 -0.9686 0.8 0.05 1 1 0 0.1178 -0.1621 -0.9797 0.7111 0.7024 -0.03072 0.5715 -0.7867 0.2334
		0.1213 -0.08815 -0.9508 0.85 0.1 1 1 0 0.2699 -0.1961 -0.9427 0.694 0.7183 0.04926 0.5715 -0.7867 0.2334
		0.08815 -0.1213 -0.9508 0.8 0.1 1 1 0 0.1961 -0.2699 -0.9427 0.7183 0.694 -0.04926 0.5715 -0.7867 0.2334
		0.0722 -0.02346 -0.9686 0.9 0.05 1 1 0 0.1906 -0.06192 -0.9797 0.4482 0.8934 0.03072 0.9248 -0.3005 0.2334
		0.1426 -0.04634 -0.9508 0.9 0.1 1 1 0 0.3173 -0.1031 -0.9427 0.438 0.8976 0.04926 0.9248 -0.3005 0.2334
		0.06142 -0.04462 -0.9686 0.85 0.05 1 1 0 0.1621 -0.1178 -0.9797 0.4593 0.8878 -0.03072 0.9248 -0.3005 0.2334
		0.06142 -0.04462 -0.9686 0.85 0.05 1 1 0 0.1621 -0.1178 -0.9797 0.4593 0.8878 -0.03072 0.7867 -0.5715 0.2334
		0.1426 -0.04634 -0.9508 0.9 0.1 1 1 0 0.3173 -0.1031 -0.9427 0.438 0.8976 0.04926 0.7867 -0.5715 0.2334
		0.1213 -0.08815 -0.9508 0.85 0.1 1 1 0 0.2699 -0.1961 -0.9427 0.4687 0.882 -0.04926 0.7867 -0.5715 0.2334
		0.07592 0 -0.9686 0.95 0.05 1 1 0 0.2004 0 -0.9797 0.1502 0.9882 0.03072 0.9248 -0.3005 0.2334
		0.1426 -0.04634 -0.9508 0.9 0.1 1 1 0 0.3173 -0.1031 -0.9427 0.1732 0.9836 -0.04926 0.9248 -0.3005 0.2334
		0.0722 -0.02346 -0.9686 0.9 0.05 1 1 0 0.1906 -0.06192 -0.9797 0.1625 0.9862 -0.03072 0.9248 -0.3005 0.2334
		0.1426 -0.04634 -0.9508 0.9 0.1 1 1 0 0.3173 -0.1031 -0.9427 0.1732 0.9836 -0.04926 1.481 0 0.3556
		0.07592 0 -0.9686 0.95 0.05 1 1 0 0.2004 0 -0.9797 0.1502 0.9882 0.03072 1.481 0 0.3556
		0.15 0 -0.9508 0.95 0.1 1 1 0 0.3336 0 -0.9427 0.1392 0.989 0.04926 1.481 0 0.3556
		0.15 0 -0.9508 0.95 0.1 1 1 0 0.3336 0 -0.9427 -0.1392 0.989 -0.04926 0.9248 0.3005 0.2334
		0.0722 0.02346 -0.9686 1 0.05 1 1 0 0.1906 0.06191 -0.9797 -0.1625 0.9862 0.03072 0.9248 0.3005 0.2334
		0.1426 0.04634 -0.9508 1 0.1 1 1 0 0.3173 0.1031 -0.9427 -0.1732 0.9836 0.04926 0.9248 0.3005 0.2334
		0.0722 0.02346 -0.9686 1 0.05 1 1 0 0.1906 0.06191 -0.9797 -0.1625 0.9862 0.03072 1.481 0 0.3556
		0.15 0 -0.9508 0.95 0.1 1 1 0 0.3336 0 -0.9427 -0.1392 0.989 -0.04926 1.481 0 0.3556
		0.07592 0 -0.9686 0.95 0.05 1 1 0 0.2004 0 -0.9797 -0.1502 0.9882 -0.03072 1.481 0 0.3556
		0.2095 0.06808 -0.9217 0 0.15 1 1 0 0.4477 0.1455 -0.8823 -0.4222 0.9042 -0.06515 0.7474 0.543 0.3827
		0.1213 0.08815 -0.9508 0.05 0.1 1 1 0 0.2699 0.1961 -0.9427 -0.4687 0.882 0.04926 0.7474 0.543 0.3827
		0.1782 0.1295 -0.9217 0.05 0.15 1 1 0 0.3808 0.2767 -0.8823 -0.4833 0.873 0.06515 0.7474 0.543 0.3827
		0.1213 0.08815 -0.9508 0.05 0.1 1 1 0 0.2699 0.1961 -0.9427 -0.4687 0.882 0.04926 0.8787 0.2855 0.3827
		0.2095 0.06808 -0.9217 0 0.15 1 1 0 0.4477 0.1455 -0.8823 -0.4222 0.9042 -0.06515 0.8787 0.2855 0.3827
		0.1426 0.04634 -0.9508 0 0.1 1 1 0 0.3173 0.1031 -0.9427 -0.438 0.8976 -0.04926 0.8787 0.2855 0.3827
		0.1295 0.1782 -0.9217 0.1 0.15 1 1 0 0.2767 0.3808 -0.8823 -0.7295 0.6809 0.06515 0.7474 0.543 0.3827
		0.1782 0.1295 -0.9217 0.05 0.15 1 1 0 0.3808 0.2767 -0.8823 -0.6809 0.7295 -0.06515 0.7474 0.543 0.3827
		0.1213 0.08815 -0.9508 0.05 0.1 1 1 0 0.2699 0.1961 -0.9427 -0.694 0.7183 -0.04926 0.7474 0.543 0.3827
		0.1295 0.1782 -0.9217 0.1 0.15 1 1 0 0.2767 0.3808 -0.8823 -0.7295 0.6809 0.06515 0.543 0.7474 0.3827
		0.1213 0.08815 -0.9508 0.05 0.1 1 1 0 0.2699 0.1961 -0.9427 -0.694 0.7183 -0.04926 0.543 0.7474 0.3827
		0.08815 0.1213 -0.9508 0.1 0.1 1 1 0 0.1961 0.2699 -0.9427 -0.7183 0.694 0.04926 0.543 0.7474 0.3827
		0.06808 0.2095 -0.9217 0.15 0.15 1 1 0 0.1455 0.4477 -0.8823 -0.9042 0.4222 0.06515 0.2855 0.8787 0.3827
		0.08815 0.1213 -0.9508 0.1 0.1 1 1 0 0.1961 0.2699 -0.9427 -0.882 0.4687 -0.04926 0.2855 0.8787 0.3827
		0.04634 0.1426 -0.9508 0.15 0.1 1 1 0 0.1031 0.3173 -0.9427 -0.8976 0.438 0.04926 0.2855 0.8787 0.3827
		0.08815 0.1213 -0.9508 0.1 0.1 1 1 0 0.1961 0.2699 -0.9427 -0.882 0.4687 -0.04926 0.543 0.7474 0.3827
		0.06808 0.2095 -0.9217 0.15 0.15 1 1 0 0.1455 0.4477 -0.8823 -0.9042 0.4222 0.06515 0.543 0.7474 0.3827
		0.1295 0.1782 -0.9217 0.1 0.15 1 1 0 0.2767 0.3808 -0.8823 -0.873 0.4833 -0.06515 0.543 0.7474 0.3827
		0 0.2203 -0.9217 0.2 0.15 1 1 0 0 0.4708 -0.8823 -0.9904 0.1221 0.06515 0 1.407 0.5829
		0.04634 0.1426 -0.9508 0.15 0.1 1 1 0 0.1031 0.3173 -0.9427 -0.9836 0.1732 -0.04926 0 1.407 0.5829
		0 0.15 -0.9508 0.2 0.1 1 1 0 0 0.3336 -0.9427 -0.989 0.1392 0.04926 0 1.407 0.5829
		0.04634 0.1426 -0.9508 0.15 0.1 1 1 0 0.1031 0.3173 -0.9427 -0.9836 0.1732 -0.04926 0.2855 0.8787 0.3827
		0 0.2203 -0.9217 0.2 0.15 1 1 0 0 0.4708 -0.8823 -0.9904 0.1221 0.06515 0.2855 0.8787 0.3827
		0.06808 0.2095 -0.9217 0.15 0.15 1 1 0 0.1455 0.4477 -0.8823 -0.9796 0.1899 -0.06515 0.2855 0.8787 0.3827
		-0.04634 0.1426 -0.9508 0.25 0.1 1 1 0 -0.1031 0.3173 -0.9427 -0.9836 -0.1732 0.04926 0 1.407 0.5829
		0 0.2203 -0.9217 0.2 0.15 1 1 0 0 0.4708 -0.8823 -0.9904 -0.1221 -0.06515 0 1.407 0.5829
		0 0.15 -0.9508 0.2 0.1 1 1 0 0 0.3336 -0.9427 -0.989 -0.1392 -0.04926 0 1.407 0.5829
		0 0.2203 -0.9217 0.2 0.15 1 1 0 0 0.4708 -0.8823 -0.9904 -0.1221 -0.06515 -0.2855 0.8787 0.3827
		-0.04634 0.1426 -0.9508 0.25 0.1 1 1 0 -0.1031 0.3173 -0.9427 -0.9836 -0.1732 0.04926 -0.2855 0.8787 0.3827
		-0.06808 0.2095 -0.9217 0.25 0.15 1 1 0 -0.1455 0.4477 -0.8823 -0.9796 -0.1899 0.06515 -0.2855 0.8787 0.3827
		-0.06808 0.2095 -0.9217 0.25 0.15 1 1 0 -0.1455 0.4477 -0.8823 -0.9042 -0.4222 -0.06515 -0.2855 0.8787 0.3827
		-0.04634 0.1426 -0.9508 0.25 0.1 1 1 0 -0.1031 0.3173 -0.9427 -0.8976 -0.438 -0.04926 -0.2855 0.8787 0.3827
		-0.1295 0.1782 -0.9217 0.3 0.15 1 1 0 -0.2767 0.3808 -0.8823 -0.873 -0.4833 0.06515 -0.2855 0.8787 0.3827
		-0.04634 0.1426 -0.9508 0.25 0.1 1 1 0 -0.1031 0.3173 -0.9427 -0.8976 -0.438 -0.04926 -0.543 0.7474 0.3827
		-0.08815 0.1213 -0.9508 0.3 0.1 1 1 0 -0.1961 0.2699 -0.9427 -0.882 -0.4687 0.04926 -0.543 0.7474 0.3827
		-0.1295 0.1782 -0.9217 0.3 0.15 1 1 0 -0.2767 0.3808 -0.8823 -0.873 -0.4833 0.06515 -0.543 0.7474 0.3827
		-0.1295 0.1782 -0.9217 0.3 0.15 1 1 0 -0.2767 0.3808 -0.8823 -0.7295 -0.6809 -0.06515 -0.543 0.7474 0.3827
		-0.08815 0.1213 -0.9508 0.3 0.1 1 1 0 -0.1961 0.2699 -0.9427 -0.7183 -0.694 -0.04926 -0.543 0.7474 0.3827
		-0.1782 0.1295 -0.9217 0.35 0.15 1 1 0 -0.3808 0.2767 -0.8823 -0.6809 -0.7295 0.06515 -0.543 0.7474 0.3827
		-0.1782 0.1295 -0.9217 0.35 0.15 1 1 0 -0.3808 0.2767 -0.8823 -0.6809 -0.7295 0.06515 -0.7474 0.543 0.3827
		-0.08815 0.1213 -0.9508 0.3 0.1 1 1 0 -0.1961 0.2699 -0.9427 -0.7183 -0.694 -0.04926 -0.7474 0.543 0.3827
		-0.1213 0.08815 -0.9508 0.35 0.1 1 1 0 -0.2699 0.1961 -0.9427 -0.694 -0.7183 0.04926 -0.7474 0.543 0.3827
		-0.1782 0.1295 -0.9217 0.35 0.15 1 1 0 -0.3808 0.2767 -0.8823 -0.4833 -0.873 -0.06515 -0.8787 0.2855 0.3827
		-0.1426 0.04634 -0.9508 0.4 0.1 1 1 0 -0.3173 0.1031 -0.9427 -0.438 -0.8976 0.04926 -0.8787 0.2855 0.3827
		-0.2095 0.06808 -0.9217 0.4 0.15 1 1 0 -0.4477 0.1455 -0.8823 -0.4222 -0.9042 0.06515 -0.8787 0.2855 0.3827
		-0.1426 0.04634 -0.9508 0.4 0.1 1 1 0 -0.3173 0.1031 -0.9427 -0.438 -0.8976 0.04926 -0.7474 0.543 0.3827
		-0.1782 0.1295 -0.9217 0.35 0.15 1 1 0 -0.3808 0.2767 -0.8823 -0.4833 -0.873 -0.06515 -0.7474 0.543 0.3827
		-0.1213 0.08815 -0.9508 0.35 0.1 1 1 0 -0.2699 0.1961 -0.9427 -0.4687 -0.882 -0.04926 -0.7474 0.543 0.3827
		-0.2203 0 -0.9217 0.45 0.15 1 1 0 -0.4708 0 -0.8823 -0.1221 -0.9904 0.06515 -0.9239 0 0.3827
		-0.1426 0.04634 -0.9508 0.4 0.1 1 1 0 -0.3173 0.1031 -0.9427 -0.1732 -0.9836 -0.04926 -0.9239 0 0.3827
		-0.15 0 -0.9508 0.45 0.1 1 1 0 -0.3336 0 -0.9427 -0.1392 -0.989 0.04926 -0.9239 0 0.3827
		-0.1426 0.04634 -0.9508 0.4 0.1 1 1 0 -0.3173 0.1031 -0.9427 -0.1732 -0.9836 -0.04926 -0.8787 0.2855 0.3827
		-0.2203 0 -0.9217 0.45 0.15 1 1 0 -0.4708 0 -0.8823 -0.1221 -0.9904 0.06515 -0.8787 0.2855 0.3827
		-0.2095 0.06808 -0.9217 0.4 0.15 1 1 0 -0.4477 0.1455 -0.8823 -0.1899 -0.9796 -0.06515 -0.8787 0.2855 0.3827
		-0.1426 -0.04634 -0.9508 0.5 0.1 1 1 0 -0.3173 -0.1031 -0.9427 0.1732 -0.9836 0.04926 -1.407 0 0.5829
		-0.2203 0 -0.9217 0.45 0.15 1 1 0 -0.4708 0 -0.8823 0.1221 -0.9904 -0.06515 -1.407 0 0.5829
		-0.15 0 -0.9508 0.45 0.1 1 1 0 -0.3336 0 -0.9427 0.1392 -0.989 -0.04926 -1.407 0 0.5829
		-0.2203 0 -0.9217 0.45 0.15 1 1 0 -0.4708 0 -0.8823 0.1221 -0.9904 -0.06515 -0.8787 -0.2855 0.3827
		-0.1426 -0.04634 -0.9508 0.5 0.1 1 1 0 -0.3173 -0.1031 -0.9427 0.1732 -0.9836 0.04926 -0.8787 -0.2855 0.3827
		-0.2095 -0.06808 -0.9217 0.5 0.15 1 1 0 -0.4477 -0.1455 -0.8823 0.1899 -0.9796 0.06515 -0.8787 -0.2855 0.3827
		-0.1782 -0.1295 -0.9217 0.55 0.15 1 1 0 -0.3808 -0.2767 -0.8823 0.4833 -0.873 0.06515 -0.7474 -0.543 0.3827
		-0.1426 -0.04634 -0.9508 0.5 0.1 1 1 0 -0.3173 -0.1031 -0.9427 0.438 -0.8976 -0.04926 -0.7474 -0.543 0.3827
		-0.1213 -0.08815 -0.9508 0.55 0.1 1 1 0 -0.2699 -0.1961 -0.9427 0.4687 -0.882 0.04926 -0.7474 -0.543 0.3827
		-0.1426 -0.04634 -0.9508 0.5 0.1 1 1 0 -0.3173 -0.1031 -0.9427 0.438 -0.8976 -0.04926 -0.8787 -0.2855 0.3827
		-0.1782 -0.1295 -0.9217 0.55 0.15 1 1 0 -0.3808 -0.2767 -0.8823 0.4833 -0.873 0.06515 -0.8787 -0.2855 0.3827
		-0.2095 -0.06808 -0.9217 0.5 0.15 1 1 0 -0.4477 -0.1455 -0.8823 0.4222 -0.9042 -0.06515 -0.8787 -0.2855 0.3827
		-0.08815 -0.1213 -0.9508 0.6 0.1 1 1 0 -0.1961 -0.2699 -0.9427 0.7183 -0.694 0.04926 -0.543 -0.7474 0.3827
		-0.1295 -0.1782 -0.9217 0.6 0.15 1 1 0 -0.2767 -0.3808 -0.8823 0.7295 -0.6809 0.06515 -0.543 -0.7474 0.3827
		-0.1213 -0.08815 -0.9508 0.55 0.1 1 1 0 -0.2699 -0.1961 -0.9427 0.694 -0.7183 -0.04926 -0.543 -0.7474 0.3827
		-0.1213 -0.08815 -0.9508 0.55 0.1 1 1 0 -0.2699 -0.1961 -0.9427 0.694 -0.7183 -0.04926 -0.7474 -0.543 0.3827
		-0.1295 -0.1782 -0.9217 0.6 0.15 1 1 0 -0.2767 -0.3808 -0.8823 0.7295 -0.6809 0.06515 -0.7474 -0.543 0.3827
		-0.1782 -0.1295 -0.9217 0.55 0.15 1 1 0 -0.3808 -0.2767 -0.8823 0.6809 -0.7295 -0.06515 -0.7474 -0.543 0.3827
		-0.1295 -0.1782 -0.9217 0.6 0.15 1 1 0 -0.2767 -0.3808 -0.8823 0.873 -0.4833 -0.06515 -0.2855 -0.8787 0.3827
		-0.04634 -0.1426 -0.9508 0.65 0.1 1 1 0 -0.1031 -0.3173 -0.9427 0.8976 -0.438 0.04926 -0.2855 -0.8787 0.3827
		-0.06808 -0.2095 -0.9217 0.65 0.15 1 1 0 -0.1455 -0.4477 -0.8823 0.9042 -0.4222 0.06515 -0.2855 -0.8787 0.3827
		-0.04634 -0.1426 -0.9508 0.65 0.1 1 1 0 -0.1031 -0.3173 -0.9427 0.8976 -0.438 0.04926 -0.543 -0.7474 0.3827
		-0.1295 -0.1782 -0.9217 0.6 0.15 1 1 0 -0.2767 -0.3808 -0.8823 0.873 -0.4833 -0.06515 -0.543 -0.7474 0.3827
		-0.08815 -0.1213 -0.9508 0.6 0.1 1 1 0 -0.1961 -0.2699 -0.9427 0.882 -0.4687 -0.04926 -0.543 -0.7474 0.3827
		0 -0.2203 -0.9217 0.7 0.15 1 1 0 0 -0.4708 -0.8823 0.9904 -0.1221 0.06515 -0.2855 -0.8787 0.3827
		-0.06808 -0.2095 -0.9217 0.65 0.15 1 1 0 -0.1455 -0.4477 -0.8823 0.9796 -0.1899 -0.06515 -0.2855 -0.8787 0.3827
		-0.04634 -0.1426 -0.9508 0.65 0.1 1 1 0 -0.1031 -0.3173 -0.9427 0.9836 -0.1732 -0.04926 -0.2855 -0.8787 0.3827
		0 -0.2203 -0.9217 0.7 0.15 1 1 0 0 -0.4708 -0.8823 0.9904 -0.1221 0.06515 0 -0.9239 0.3827
		-0.04634 -0.1426 -0.9508 0.65 0.1 1 1 0 -0.1031 -0.3173 -0.9427 0.9836 -0.1732 -0.04926 0 -0.9239 0.3827
		0 -0.15 -0.9508 0.7 0.1 1 1 0 0 -0.3336 -0.9427 0.989 -0.1392 0.04926 0 -0.9239 0.3827
		0.06808 -0.2095 -0.9217 0.75 0.15 1 1 0 0.1455 -0.4477 -0.8823 0.9796 0.1899 0.06515 0 -1.407 0.5829
		0 -0.2203 -0.9217 0.7 0.15 1 1 0 0 -0.4708 -0.8823 0.9904 0.1221 -0.06515 0 -1.407 0.5829
		0 -0.15 -0.9508 0.7 0.1 1 1 0 0 -0.3336 -0.9427 0.989 0.1392 -0.04926 0 -1.407 0.5829
		0.06808 -0.2095 -0.9217 0.75 0.15 1 1 0 0.1455 -0.4477 -0.8823 0.9796 0.1899 0.06515 0.2855 -0.8787 0.3827
		0 -0.15 -0.9508 0.7 0.1 1 1 0 0 -0.3336 -0.9427 0.989 0.1392 -0.04926 0.2855 -0.8787 0.3827
		0.04634 -0.1426 -0.9508 0.75 0.1 1 1 0 0.1031 -0.3173 -0.9427 0.9836 0.1732 0.04926 0.2855 -0.8787 0.3827
		0.1295 -0.1782 -0.9217 0.8 0.15 1 1 0 0.2767 -0.3808 -0.8823 0.873 0.4833 0.06515 0.543 -0.7474 0.3827
		0.04634 -0.1426 -0.9508 0.75 0.1 1 1 0 0.1031 -0.3173 -0.9427 0.8976 0.438 -0.04926 0.543 -0.7474 0.3827
		0.08815 -0.1213 -0.9508 0.8 0.1 1 1 0 0.1961 -0.2699 -0.9427 0.882 0.4687 0.04926 0.543 -0.7474 0.3827
		0.04634 -0.1426 -0.9508 0.75 0.1 1 1 0 0.1031 -0.3173 -0.9427 0.8976 0.438 -0.04926 0.2855 -0.8787 0.3827
		0.1295 -0.1782 -0.9217 0.8 0.15 1 1 0 0.2767 -0.3808 -0.8823 0.873 0.4833 0.06515 0.2855 -0.8787 0.3827
